11
67
924
31
102
253
721
441
804
285
322
998
19
31
90
1440
10
660
677
274
1392
1561
473
614
170
938
727
2270
167
0
296
246
316
156
1944
33
19
707
269
36
936
212
100
761
0
214
284
0
1844
11
25
271
16
35
116
1
3
30
34
1078
151
4
583
0
1066
382
6
377
0
81
179
225
5
139
622
91
1028
405
15
376
2501
113
984
488
850
5
511
932
0
53
82
467
0
2
169
248
5
524
12
460
17
15
0
1533
1158
1390
0
127
1
1545
1106
1250
461
0
215
151
0
2113
534
1220
184
240
157
576
773
146
139
268
390
123
1152
17
22
566
1443
213
382
0
62
572
695
126
854
862
43
9
605
5
1351
458
199
1
1
149
11
20
68
79
10
17
534
50
149
633
120
369
6
19
237
162
159
96
1
0
200
972
16
1366
1018
18
52
353
1313
867
254
172
880
363
1059
0
18
864
384
160
111
2535
85
50
172
1951
40
70
517
491
10
1
69
173
403
2066
2080
311
1331
90
1608
10
1219
67
523
2
1065
1079
1597
161
342
842
335
34
934
1238
167
65
228
1289
35
1389
2593
400
1022
168
922
42
12
590
23
240
0
6
0
23
123
197
25
337
29
157
1191
105
204
195
253
594
68
66
141
316
786
107
43
329
603
134
0
212
95
19
34
1243
506
101
689
17
344
245
73
484
78
677
3
367
27
395
21
461
271
742
1990
3
378
153
724
261
219
238
0
739
34
904
11
42
307
8
740
0
160
36
3
30
19
59
7
367
55
0
1306
524
358
23
108
58
17
1161
213
7
62
126
137
3
1326
1
327
920
27
685
822
90
2016
386
1869
825
213
404
255
3
820
0
9
489
76
301
105
312
119
88
38
0
19
59
1
212
13
519
37
175
2269
4
1393
115
1485
195
74
190
206
1
340
21
13
19
28
217
129
49
67
10
2080
36
198
1722
5
251
4
4
244
294
730
218
2835
10
66
9
52
818
1925
523
127
1006
10
258
163
345
2751
53
714
80
1147
570
58
354
45
626
574
949
192
82
46
877
0
60
1386
1691
257
817
139
27
485
164
324
545
1074
267
262
251
609
64
175
671
168
21
7
7
282
913
650
807
371
630
230
426
1599
1405
140
190
4
860
2068
561
10
493
1439
35
531
205
850
228
26
430
767
38
1828
667
16
1931
997
102
164
1596
15
11
287
60
4
26
1862
5
55
702
117
30
1914
8
1601
68
666
5
8
44
950
246
567
387
6
481
688
499
1282
222
0
456
141
868
39
60
117
0
1251
7
1084
234
116
165
6
0
986
600
985
70
176
0
159
856
104
10
300
1
111
599
629
305
0
34
0
1082
13
415
706
1
25
65
147
993
20
60
179
0
14
234
274
516
259
322
122
115
37
118
798
1136
95
489
1925
658
55
100
205
9
98
242
3083
19
417
316
11
145
3
1
332
18
2050
131
165
29
1790
18
5
1215
604
6
282
94
914
655
283
312
0
173
575
170
16
2122
1
0
1601
1036
320
0
30
3029
254
1201
98
1239
1588
32
815
596
427
5
151
0
213
1080
2
294
1815
1559
229
7
37
298
468
8
229
1347
949
1406
317
844
407
7
9
171
147
372
5
518
1809
313
1031
141
19
302
1196
40
349
1726
818
4
46
908
392
624
1119
1523
33
139
969
96
1294
157
1895
1050
1780
0
1100
81
64
0
7
205
46
38
1885
227
320
125
735
526
53
14
57
139
108
825
319
120
13
2
603
0
33
153
105
1180
15
2153
230
808
0
971
4
1197
313
830
7
198
1
1704
1
10
620
407
1706
519
4
666
0
905
125
783
38
24
2490
532
20
473
284
0
177
1251
16
780
959
2
441
19
1083
949
557
93
427
1487
3
417
86
218
0
687
4
18
652
947
343
9
164
369
47
10
3
22
364
41
1626
623
1545
705
757
0
1981
2586
1683
432
2
1564
188
12
3
82
73
15
345
3062
445
766
1592
505
24
1
565
173
41
27
104
2
128
314
538
293
376
1
530
1302
400
457
0
791
46
50
216
1587
4
317
941
18
1127
170
970
721
1045
39
41
245
8
1671
1102
788
980
440
17
820
69
120
77
1188
2518
3
492
1497
14
63
1061
52
436
711
172
670
175
10
99
21
34
1078
521
303
260
123
427
1316
1288
4
21
236
2107
46
768
235
1166
309
678
400
161
174
62
1983
23
5
452
150
346
260
1115
250
59
30
122
17
8
359
220
1159
0
1582
344
103
343
3
1974
2832
328
85
164
1385
381
153
123
2614
0
644
31
12
201
171
13
339
1001
84
1
1591
3
1693
64
128
1440
449
467
0
27
561
6
2422
1802
3
2040
112
1683
140
86
190
15
1671
35
1058
1040
72
1198
14
320
401
239
94
41
370
47
1488
87
635
606
1424
1
37
268
50
795
675
8
2
72
4
123
185
1740
86
3
759
610
3
963
998
262
187
10
1401
138
800
529
202
43
1144
46
579
906
2336
3082
514
146
998
75
2595
873
507
2046
1605
235
32
828
90
1427
109
105
30
1002
0
39
76
87
173
1784
16
67
1385
0
38
195
14
94
249
260
704
16
18
190
74
87
1641
352
8
245
21
917
1484
185
60
2199
988
250
100
2
0
12
1035
27
2
1067
1485
109
385
32
72
487
1423
182
591
446
27
155
1115
607
168
62
161
40
50
0
843
3
67
1844
0
61
25
589
561
39
331
2
2
5
667
45
23
240
447
91
540
687
2
119
113
165
646
288
180
529
35
198
700
13
2708
839
966
261
825
7
747
1832
204
12
150
961
1297
5
13
115
397
3020
0
522
1017
3
8
0
11
1281
276
33
167
1
101
67
1053
109
3266
433
1962
900
309
340
5
1
0
782
543
1552
1234
4
178
1096
22
39
1092
737
60
644
452
354
26
548
31
105
823
130
157
2924
661
358
346
410
1896
446
9
167
55
218
729
12
130
297
72
1294
647
387
32
924
152
3
50
2232
343
11
204
217
12
19
280
462
1666
218
141
273
11
105
34
1908
512
3066
55
510
5
2
1313
195
1418
900
61
37
238
153
982
225
1280
63
793
1306
725
1265
1121
41
133
931
120
210
2
434
322
349
54
392
394
517
235
344
79
2110
107
996
972
28
382
27
226
28
491
192
14
12
1995
327
187
1062
1266
292
132
33
1195
147
25
1736
127
15
176
1171
477
7
87
119
2
6
85
305
753
175
1
613
133
47
0
331
2060
2
89
29
134
12
8
1019
95
135
342
6
125
6
326
24
138
1471
8
398
15
651
1425
2088
62
1381
21
276
115
183
1086
208
30
12
33
31
169
924
0
293
7
2
358
412
3
391
229
183
4
60
9
191
63
227
757
1153
399
74
232
8
222
213
37
1
743
473
879
1632
469
93
807
104
282
900
881
650
1061
63
814
384
525
48
50
2
527
10
0
34
1488
75
1
0
312
1388
120
132
0
14
233
114
533
31
1521
749
365
309
511
4
215
704
757
1159
128
608
865
627
17
93
307
75
565
2
304
0
8
190
781
21
138
1865
1527
2398
1013
427
1
2
278
153
542
340
7
9
2077
0
1
7
134
389
163
1496
8
10
686
701
325
266
4
382
1
405
46
99
14
254
115
1
669
6
126
489
742
39
211
0
4
24
186
23
1723
4
156
499
1335
1386
24
996
1398
56
359
11
0
233
641
10
506
51
95
820
47
9
143
1202
828
21
1818
1
1150
122
2303
601
1
24
94
894
967
812
47
236
10
701
378
43
624
378
1181
97
168
21
578
0
405
336
19
209
43
1698
1145
1
1385
60
246
335
1106
1558
6
82
564
81
2354
112
27
1947
95
1810
2808
901
309
44
11
13
84
748
1188
20
2
1944
0
0
2212
220
643
46
116
376
1274
814
1146
745
101
1702
504
37
2
98
1715
11
227
613
183
240
167
58
160
99
38
1892
232
1134
119
214
160
1604
113
26
243
0
581
159
428
12
0
1845
173
650
16
562
18
107
582
90
352
0
675
1
51
90
868
759
379
17
388
112
130
421
105
1437
247
123
159
2039
88
281
264
275
31
1044
689
509
210
2
23
1425
2
17
148
53
116
62
9
144
154
3270
2
40
74
262
2913
19
1
727
45
122
81
179
5
222
410
548
267
231
2086
8
52
414
2048
1252
157
2053
110
0
70
2020
0
12
231
6
473
325
575
543
31
1456
138
44
107
0
505
2058
134
297
0
194
1319
15
130
116
60
1444
479
668
156
3
2700
382
470
554
137
311
511
43
85
1025
134
1226
538
58
276
480
10
69
282
648
1438
315
107
434
46
581
65
84
232
3
52
134
500
198
478
6
60
288
5
3
93
26
395
1250
10
1710
490
15
1279
5
2
1655
170
242
224
339
18
78
193
6
43
9
1095
0
45
632
909
56
1716
71
389
1170
16
1295
9
54
2906
192
446
27
273
2
15
72
214
332
128
15
134
56
871
229
508
120
381
68
54
2153
25
832
3301
71
167
374
192
73
113
1559
95
23
299
4
374
8
320
2103
0
15
749
534
2692
1
1632
17
0
248
176
367
1729
44
115
1274
600
53
1478
93
571
9
59
402
904
38
6
875
19
30
97
2
29
1847
294
675
1837
0
8
494
869
1558
10
292
251
2079
66
219
598
524
25
2
43
146
1214
151
29
398
607
1
1089
68
0
0
136
163
17
2263
1859
142
270
495
13
150
471
131
365
17
49
1782
9
173
23
291
582
944
2462
174
0
61
51
145
1053
863
164
107
8
1278
1134
837
61
2059
2
0
311
1
21
24
885
59
289
137
76
235
75
405
383
1021
955
310
40
41
695
3
189
0
320
6
0
17
1526
51
374
324
72
58
95
635
705
879
21
903
96
176
241
455
482
633
94
0
598
428
622
272
936
177
5
112
4
2335
1220
43
8
1
202
14
188
0
0
30
1342
381
183
57
509
154
637
668
65
179
2987
1120
717
0
0
7
569
212
199
222
329
1464
1484
151
47
1266
79
202
38
7
578
7
31
112
15
527
20
35
248
22
1236
480
738
767
314
93
624
2268
269
180
14
6
421
89
847
2322
572
663
1151
0
118
2152
1406
302
1630
0
3
6
439
590
1547
172
323
588
787
115
419
777
282
1249
45
69
13
28
539
5
370
17
143
103
36
1330
1301
76
83
88
420
0
6
477
168
36
634
30
40
645
151
834
531
598
655
2155
376
212
154
39
1026
4
79
34
279
823
452
54
229
2112
1356
38
1096
194
4
247
131
1604
132
2165
2287
2731
76
0
119
274
109
193
153
294
813
474
1798
246
115
1395
4
998
1211
587
230
703
775
216
436
677
138
835
793
1
21
1130
186
174
803
327
0
934
1831
1
0
1378
50
235
4
0
3
719
652
1747
132
116
39
14
275
320
270
840
255
73
10
0
80
901
1905
2301
2296
260
22
1046
2
311
667
515
305
362
590
670
120
260
1158
695
1078
1534
16
168
58
995
33
172
678
92
17
143
281
166
708
622
705
506
353
3
303
71
21
25
477
1314
2
19
137
0
2
2123
745
122
83
81
1293
20
65
158
1723
966
392
401
23
576
37
342
4
202
27
72
220
2
0
2561
0
720
955
548
0
386
346
28
99
1
6
707
210
1853
879
424
197
7
0
64
69
54
165
359
227
35
23
16
465
386
0
16
7
61
1209
486
38
2150
7
21
42
1422
886
273
21
254
10
7
26
329
695
485
405
48
43
527
65
0
1088
3
1019
416
1777
65
1839
482
327
543
1679
0
324
662
25
125
182
896
0
1188
1867
38
0
703
462
87
73
31
265
0
446
430
630
731
949
124
2
559
914
61
433
1646
7
290
617
191
135
327
7
1
17
1805
470
193
9
1564
21
3
1156
94
3
863
567
333
0
31
2
622
86
853
295
402
244
2190
2138
171
18
88
35
480
64
232
1
65
450
1006
460
698
29
27
25
214
373
127
6
1380
1
14
2315
1639
117
421
17
580
83
105
1565
304
23
101
0
34
17
1430
244
1508
48
9
126
90
0
398
16
737
97
406
2
108
487
73
105
719
331
73
333
35
0
10
193
2
13
5
24
24
75
256
213
735
477
112
100
1385
9
246
707
30
19
670
42
483
1859
288
9
2111
167
0
25
17
132
1407
118
96
184
80
42
72
269
378
781
1190
1165
34
182
5
10
4
1730
33
256
5
1246
12
219
315
4
191
213
6
719
451
400
65
179
411
22
123
693
1121
702
58
7
0
13
474
434
228
247
948
32
302
172
20
1
68
1058
4
0
20
586
1445
91
230
573
4
118
369
1569
1
500
1413
1250
107
659
218
11
1060
120
528
82
376
23
95
541
1
119
251
69
4
40
1055
1717
78
1777
12
0
1136
38
103
747
270
477
1404
287
1967
247
209
2
406
115
5
741
901
22
29
1188
2
968
28
319
396
0
226
44
1549
23
347
549
18
13
187
186
449
975
196
1177
262
193
320
10
2
6
95
360
14
1368
108
141
374
63
77
81
40
1407
270
745
850
1085
169
50
860
105
0
0
743
1488
1
1032
107
93
572
1186
151
8
512
1671
619
1345
555
74
330
686
3
5
127
5
354
349
117
109
45
101
2
580
55
0
319
665
829
2025
197
2224
141
2564
1484
116
103
30
901
415
5
178
24
10
35
565
242
339
288
199
5
560
21
694
443
43
612
1162
380
2
804
3
531
1474
1
208
134
835
474
313
32
14
23
5
18
247
1044
1413
28
1
773
331
2206
495
403
48
361
1628
108
145
15
1352
70
61
53
186
0
331
2
560
118
11
258
232
677
653
27
1548
76
445
468
256
0
472
551
0
20
424
1327
14
59
11
255
0
1710
115
0
995
1256
613
1774
3
493
2395
1746
350
441
435
526
1
20
11
915
1444
0
0
327
107
12
0
0
739
3
239
225
14
14
1
469
183
457
207
1390
454
956
53
331
99
425
676
2161
168
334
104
118
6
30
196
143
517
46
13
341
833
707
290
199
1071
122
16
103
1640
1048
270
3299
162
0
1617
123
470
0
968
1252
305
12
14
28
1274
662
597
617
1107
605
1240
12
37
133
10
231
1087
46
1531
169
2477
282
396
880
6
542
0
227
0
164
29
83
158
1620
2
116
609
12
270
2
1441
23
121
399
62
10
171
4
491
7
21
125
8
128
51
258
370
187
15
1341
254
5
197
106
462
1267
191
1378
803
75
7
84
9
153
1108
0
46
656
10
3
151
457
1900
63
547
155
376
1
229
199
268
707
48
77
151
1530
864
1089
2286
23
24
1729
12
1497
705
28
1387
751
400
1296
2
532
1251
2429
52
29
131
987
213
112
809
410
35
1499
396
168
323
22
13
727
187
242
49
781
762
1165
801
45
6
1102
268
71
526
44
60
261
17
839
68
436
147
2354
572
338
2907
10
15
113
95
67
9
377
157
323
880
212
224
714
1
12
9
744
10
180
336
750
1400
553
3038
312
48
1237
1296
4
266
1440
25
132
8
543
1986
1866
271
548
73
182
193
92
261
66
1178
562
87
1
16
575
112
957
16
23
317
606
76
45
397
105
0
4
39
38
421
1252
2
2
20
107
185
305
47
399
348
506
16
192
2782
309
198
122
102
10
755
0
278
1351
0
1738
0
591
21
17
35
28
25
1
22
238
107
174
7
725
3
238
1221
3
768
1163
0
161
406
73
1252
3
466
286
915
1721
85
1
679
72
1563
1550
221
758
641
1079
338
2550
221
1416
0
92
439
541
2607
116
3
83
443
456
754
326
56
107
610
119
435
351
1343
83
62
33
1016
95
95
76
74
8
481
142
87
2831
0
26
294
1212
0
959
152
588
26
486
17
5
83
21
102
386
0
121
0
81
92
934
35
34
466
98
71
1622
1105
22
291
815
0
1807
531
4
89
124
956
1235
1698
1
1045
226
1369
1219
611
15
1840
27
3
126
1626
2611
413
23
0
29
19
10
22
805
129
890
28
148
791
292
176
1335
203
18
852
463
0
315
0
283
20
899
402
1419
55
19
1107
124
253
123
172
4
454
41
42
0
655
572
625
289
54
222
235
3273
1210
706
699
2053
312
102
6
247
36
197
565
1449
673
911
955
27
80
2208
25
159
0
98
21
18
0
268
1594
258
50
159
1643
11
231
12
143
273
119
302
112
0
341
154
327
57
1628
224
11
283
743
810
20
861
290
366
73
158
5
32
6
71
331
1241
634
59
683
21
587
5
276
761
811
746
11
8
139
709
42
222
0
62
1464
4
4
544
175
974
963
109
689
30
1740
21
1368
63
1789
1201
49
47
198
72
5
642
138
1187
81
4
791
72
1117
385
320
277
21
215
1
4
230
55
999
968
1
328
21
1080
1743
331
745
268
25
29
27
519
165
287
186
21
486
1339
1842
174
941
448
740
152
118
202
1
12
3
2956
2
273
160
182
956
549
38
772
19
90
663
171
1227
12
145
221
969
2467
921
180
72
478
68
851
516
493
934
1263
130
841
489
126
572
1394
27
3
150
93
534
1362
9
369
12
774
469
254
5
1595
810
25
596
333
1093
111
385
60
1524
1627
96
782
64
114
10
1
540
576
36
3
988
3
299
97
86
1044
616
544
2271
623
417
555
311
50
156
61
776
8
109
62
23
22
117
359
669
629
189
116
1471
67
287
981
1259
41
1616
32
861
1352
2686
2002
3
441
680
317
129
256
17
1418
20
57
114
135
202
368
95
86
508
79
3047
24
370
6
48
1850
1105
89
1365
1
241
235
45
321
2745
40
1
1523
233
162
238
1097
38
274
424
190
13
323
0
653
233
70
1784
32
503
75
1992
18
2
485
21
2107
186
215
1247
475
408
353
29
248
222
191
795
1065
28
649
455
336
52
404
986
80
0
436
2
1726
2167
76
340
1526
209
34
166
467
560
886
94
255
614
864
195
1066
18
1
8
122
15
778
93
122
106
460
38
599
21
775
111
11
691
414
117
228
36
1462
40
16
2973
23
1556
961
206
29
173
4
1229
49
1389
34
1127
4
364
15
0
357
1906
82
654
2331
190
473
209
13
389
1160
415
2
1514
521
463
8
7
234
25
488
99
621
165
1783
128
81
47
116
0
65
631
1492
57
423
1594
390
54
427
627
0
1225
219
1120
4
110
122
53
258
210
31
330
42
76
436
5
194
124
907
139
15
81
0
702
6
100
268
390
756
2171
100
36
161
1669
0
54
1465
870
952
243
2208
0
25
1863
13
1112
503
0
1045
587
0
9
1575
75
876
1781
390
1400
1
445
38
52
291
826
854
278
43
385
157
27
467
170
294
27
919
120
865
233
248
12
100
100
421
38
3
78
1952
80
139
102
234
474
184
3
0
23
17
0
250
11
144
2191
331
23
1018
1032
49
70
26
1966
633
231
1
68
674
16
1
20
59
393
1331
1920
1112
586
976
0
1095
310
615
773
1113
925
1023
554
663
14
81
249
32
5
268
994
205
665
28
194
45
110
123
587
688
138
95
273
207
96
140
52
1395
120
329
86
65
943
1
7
230
1165
636
1412
487
1206
780
0
609
356
258
6
275
109
0
3
3
63
461
212
347
50
24
964
756
181
19
374
280
80
101
9
1704
212
2030
640
168
39
38
799
1058
292
365
83
319
2211
120
19
7
946
1
1680
31
506
130
51
20
1583
1297
666
5
85
1737
535
176
1913
114
14
30
10
2319
349
1621
178
1
1915
837
115
61
72
21
387
610
105
8
1784
1696
8
2273
52
918
561
377
301
273
704
1671
111
1678
150
22
204
314
1
589
12
1630
31
18
127
146
1408
818
427
31
1829
6
3
187
255
607
17
899
2
31
36
1026
11
3
465
134
186
196
127
71
39
7
78
642
1210
110
208
381
844
442
49
261
259
654
306
6
627
1079
412
349
663
129
1
23
478
584
259
524
982
442
707
62
2
420
1301
4
1
1269
185
4
118
168
215
51
203
8
18
26
922
246
514
50
1291
27
0
519
389
20
229
0
25
1092
821
2
957
8
302
69
2379
771
895
896
1960
6
182
575
406
421
2077
681
1
36
13
7
35
30
117
0
124
460
2708
400
15
414
35
217
3
387
182
1136
568
6
56
4
2
558
10
4
2
47
1477
61
368
1077
54
0
34
1148
1283
7
83
444
9
182
1082
0
18
27
267
999
247
1841
0
2
361
3
23
1207
324
270
1056
185
134
692
337
735
191
2
1057
245
300
573
11
992
20
47
1710
125
1408
274
354
542
776
927
247
0
249
323
33
24
522
262
760
388
1535
449
754
9
0
16
1585
25
251
615
0
127
1117
210
2
1334
253
1001
229
1825
855
31
61
357
144
43
768
799
169
7
1418
130
28
143
1179
169
689
160
3
48
917
417
240
1002
8
373
371
52
21
60
631
177
45
268
577
0
356
382
14
178
151
1304
326
2253
170
462
215
0
417
43
20
288
81
1204
628
1027
39
439
6
69
1789
336
12
164
116
493
174
151
2
224
0
223
136
88
149
194
1000
941
22
254
2286
299
299
641
79
445
60
524
112
119
467
1140
1317
367
56
393
1553
43
42
2941
295
0
219
1
45
295
0
15
388
1983
1582
0
17
1138
965
272
721
0
109
863
8
0
999
108
1
817
1029
6
515
247
2078
4
15
626
239
61
0
572
3
1524
1461
25
25
582
531
1095
1859
316
219
100
1959
19
1
320
0
1472
2
0
275
1117
948
99
1259
1113
660
1827
602
266
202
1891
1627
762
47
15
89
1016
44
260
12
329
0
8
7
84
143
289
358
393
650
489
427
163
106
110
403
373
591
92
213
42
293
1864
2
3
612
162
69
631
310
27
562
1131
483
237
778
496
0
4
210
3
32
972
188
883
173
362
433
262
95
39
48
107
186
1303
222
86
112
19
569
1889
1160
199
64
95
722
325
332
251
318
2516
120
2081
2692
869
11
382
747
0
122
53
105
2382
21
9
265
62
84
52
278
0
359
2
595
20
989
423
102
1
61
0
14
1290
3043
12
215
801
2488
984
11
930
1088
3
620
154
896
0
0
542
131
232
4
66
501
21
76
3
47
156
36
124
98
14
23
76
1383
112
94
1475
20
0
28
235
950
3
99
1934
0
177
198
127
1179
658
103
365
401
32
5
324
1385
21
242
552
702
450
0
415
32
0
817
248
293
80
17
874
17
82
24
1139
1394
1014
266
36
455
3
685
2281
29
413
14
3
411
66
703
1
491
348
792
282
2917
62
14
167
0
414
1758
228
1
5
5
5
85
760
1146
1403
151
298
1277
0
11
353
771
675
41
111
1
1983
221
40
94
2781
925
8
278
34
34
3
5
2
13
95
212
1
77
1650
687
0
1944
416
57
172
33
1031
110
30
19
286
0
862
13
122
12
977
1685
462
62
1052
55
868
1344
214
403
5
99
30
1019
687
363
79
712
2038
286
2320
2043
1456
739
4
262
299
86
22
252
38
65
67
40
1063
804
1123
923
9
220
54
330
6
2
0
48
254
76
1820
57
390
237
32
92
563
188
1160
360
2361
18
619
177
49
116
332
292
1828
1582
1031
12
982
46
22
1144
859
0
260
95
225
8
47
1
245
62
583
1093
518
53
0
40
52
2478
546
285
644
121
491
634
596
2243
45
60
555
121
1
6
170
10
547
1123
99
1043
568
794
136
586
9
213
725
20
323
502
18
78
131
141
30
253
176
9
0
211
1362
132
19
10
1621
0
18
3
5
2852
6
426
235
447
415
42
11
15
880
1692
414
107
1101
134
78
485
23
30
3297
49
255
0
1348
101
229
46
486
70
346
314
635
32
0
1033
332
63
232
264
77
0
1022
434
76
7
25
1153
32
1701
4
1456
249
186
134
69
305
138
21
75
392
360
137
458
154
329
55
149
957
0
155
3
59
75
1088
508
392
384
393
972
124
1458
23
2257
36
0
425
80
345
76
328
2
293
0
113
1610
706
77
1953
187
5
163
132
1
23
0
56
474
68
667
275
1136
0
119
799
817
231
1506
1419
1
70
12
0
46
251
0
221
187
161
11
1391
28
327
2946
81
353
5
3
866
2491
356
186
7
1
38
102
2049
99
4
402
156
124
203
35
752
680
188
1078
6
138
207
679
286
259
645
67
2617
121
113
1240
62
534
95
236
81
3
398
401
5
88
294
172
44
12
257
156
1587
0
1564
29
8
466
332
30
35
753
1045
115
233
228
164
304
1614
533
62
190
2055
287
156
937
0
1165
275
401
299
672
30
8
952
266
291
0
623
13
417
273
2
61
753
26
1
2
25
200
58
837
1264
3274
74
385
1019
594
281
1445
508
39
0
187
196
38
525
62
68
59
0
174
260
21
136
147
420
2
23
327
1268
290
1312
1426
34
1319
152
71
580
920
2
106
1710
385
2
1163
3095
20
22
322
378
395
223
148
194
444
255
685
14
2326
8
230
181
22
23
349
155
99
20
2129
143
182
35
570
152
12
34
882
2
638
191
359
54
182
675
305
13
45
2260
631
8
1395
294
451
1321
2180
16
20
404
38
36
109
896
231
40
466
4
830
25
22
2
1
7
2
10
722
9
486
1333
1821
39
3203
156
918
1048
21
514
42
367
917
4
220
0
8
3
321
473
1850
611
2
36
1559
530
884
195
31
29
227
341
7
227
0
5
2
2346
368
57
661
20
1039
395
76
19
49
122
9
80
35
48
13
1163
424
1160
8
202
289
2
66
44
2471
23
0
138
74
15
25
653
202
0
0
268
4
30
195
42
130
84
114
693
1484
35
1
351
1405
28
17
761
47
41
461
174
2376
255
14
481
123
489
1
2080
239
196
7
508
437
0
1123
1792
167
2
0
958
30
542
336
39
1051
165
1536
2331
234
2
47
2236
324
716
13
43
43
11
411
262
1638
4
108
69
2
339
296
205
176
305
31
61
25
116
176
126
868
40
204
466
903
19
276
11
84
133
407
12
159
2683
383
33
24
1359
563
864
139
2546
510
136
678
8
333
639
151
369
58
427
632
122
1
685
76
242
35
36
715
30
1729
1150
1443
757
789
59
382
56
50
38
49
191
139
67
98
3
1009
244
57
18
388
168
1473
153
83
164
4
9
60
37
142
1427
0
250
231
2
606
839
1140
1259
402
1101
0
138
5
632
23
36
694
71
229
115
1
334
10
235
100
76
134
1423
677
922
1162
36
878
95
506
34
436
201
662
769
231
51
845
35
230
2
1052
1
119
13
44
281
1467
34
146
639
0
22
361
16
20
8
9
2140
5
1431
16
41
690
158
1289
2
0
1607
841
365
1346
994
0
64
39
608
1269
100
439
266
0
336
1132
78
168
348
756
50
141
72
5
2080
37
5
623
613
1666
41
572
254
67
2
1686
399
722
2019
39
794
432
28
170
0
2053
16
65
15
257
56
197
7
609
64
8
167
79
10
126
22
3
1443
1229
29
95
228
1
114
54
18
1767
47
2
11
687
22
588
665
1302
1314
28
1273
3
8
833
99
384
1131
660
1040
35
239
2717
118
219
12
183
34
1091
9
2321
108
583
295
579
475
298
40
0
455
309
569
62
63
36
500
93
779
402
3145
49
1263
440
111
574
0
488
4
21
58
145
70
1798
36
0
12
1915
11
5
46
91
1
2887
622
410
8
640
145
91
312
7
461
412
944
180
1076
1038
13
61
1064
736
36
1891
1237
127
27
15
34
1565
17
1014
1
17
86
27
124
886
141
219
109
125
1748
0
102
14
34
763
186
62
50
1344
1364
4
6
409
168
99
411
226
0
50
1
1254
0
181
1149
259
140
1096
98
37
45
180
1951
576
16
0
91
19
54
395
712
235
31
96
619
291
778
14
0
3
480
2878
1119
1
107
510
238
310
27
73
19
423
696
71
30
1
237
43
241
617
1
182
0
978
1
339
19
8
55
33
14
18
3168
18
39
26
3
224
479
1719
1335
317
1
331
472
1
409
22
151
25
7
40
460
485
19
1384
1386
5
300
45
106
26
8
164
134
508
13
55
0
17
1361
58
2
17
0
329
572
384
1
115
108
291
2012
120
79
0
247
0
982
2987
4
1573
194
1
125
409
153
103
379
264
1190
47
8
1003
20
1488
35
316
183
469
210
32
261
238
1453
201
755
161
2
510
184
12
393
61
1225
32
559
1171
721
496
1242
124
14
56
568
299
737
2958
472
125
30
475
24
30
292
28
0
25
3
13
654
59
232
559
143
20
41
639
270
273
108
744
711
528
1
0
793
80
467
3154
58
108
1066
4
894
63
1
48
230
8
0
165
2
208
159
14
513
130
2179
253
483
175
1727
939
900
0
377
140
2015
550
65
493
198
271
2952
1
323
540
450
612
901
102
2874
176
21
277
50
0
92
394
301
1584
275
1348
63
1862
114
0
239
276
243
4
538
65
1031
174
721
217
39
6
367
0
932
1904
988
911
1261
0
132
224
528
1029
841
213
223
585
0
348
222
780
6
6
1686
424
951
1083
15
762
1998
0
149
8
86
23
125
3
651
37
2793
210
0
1199
802
106
17
853
439
118
51
729
82
835
155
7
844
259
12
104
885
6
562
49
94
78
1509
267
1440
440
3
2931
214
396
949
1592
1475
2
2364
627
416
328
150
292
597
224
77
440
2732
1547
4
229
528
2347
397
543
6
163
628
76
248
7
40
832
366
399
42
104
1050
7
609
329
1646
910
1451
24
1873
0
2470
1317
5
5
588
4
306
16
522
73
5
658
191
1641
0
1141
821
64
100
3
18
40
0
392
194
2
145
1623
170
581
15
859
105
28
496
424
1640
122
584
88
451
111
2217
2
221
245
24
9
121
8
36
6
51
3
2
368
6
534
70
0
0
116
85
36
2405
146
818
663
186
616
66
33
390
7
537
1210
1
607
582
15
98
2025
481
27
16
293
2043
172
426
483
9
1
352
1780
190
1003
650
241
0
471
40
349
143
122
105
5
209
257
61
59
0
368
5
1167
94
256
1656
222
221
1
88
110
170
76
371
437
250
445
20
14
74
1061
253
165
812
742
0
11
13
770
1248
3
153
238
416
1
308
509
88
894
158
1
1299
771
13
1311
316
190
0
170
531
598
29
999
66
369
2009
62
2118
0
18
2722
222
519
779
3
46
226
534
0
1203
838
15
738
45
0
23
483
136
839
21
78
282
1357
622
763
146
885
1158
601
446
50
368
15
18
1462
304
252
359
2
132
8
4
696
31
41
627
180
3
28
38
640
1
142
986
62
25
35
806
182
558
1
14
141
107
260
397
213
86
28
31
196
20
43
1660
229
14
502
321
610
30
570
1972
99
12
4
140
1175
337
542
0
362
435
0
227
284
6
106
837
104
560
670
1488
1115
9
60
1973
56
801
4
670
1807
227
71
3006
421
14
2553
1708
7
661
78
556
871
1
77
196
2780
32
521
183
364
48
524
917
854
62
147
272
90
119
478
274
939
1060
111
1305
539
468
12
771
84
143
9
76
46
329
634
57
1563
25
2192
280
15
8
496
372
353
64
655
102
45
38
6
0
353
100
312
57
204
137
28
22
869
285
286
32
861
820
3532
1483
174
11
17
272
62
753
124
7
25
5
2111
78
436
67
0
184
566
210
130
758
25
226
23
907
0
1216
847
255
2045
207
97
273
2900
817
19
66
261
800
1317
776
131
1013
931
2
193
12
0
357
172
409
24
2
952
1773
907
148
148
248
122
13
150
638
49
1528
26
725
1575
2076
519
1809
1046
2
1373
1696
922
0
46
111
322
8
384
64
186
20
181
1294
238
41
84
270
137
26
166
19
54
0
1919
14
23
362
265
1457
217
5
1190
27
123
307
592
16
89
147
5
292
416
0
249
415
75
430
160
5
368
1268
0
481
517
691
1823
1026
528
122
19
1388
127
271
129
650
26
672
86
973
6
1020
371
192
479
488
147
15
1670
198
500
144
671
907
113
939
72
78
622
22
70
140
234
0
287
683
0
1743
811
2
192
810
737
1484
366
598
0
749
25
164
1291
138
424
99
115
150
2683
221
56
333
877
38
4
3
2147
426
16
806
17
935
1168
106
104
32
37
328
282
785
12
104
0
1051
2786
313
2204
383
434
885
0
2
441
27
0
1001
39
450
123
1451
11
1
114
5
168
0
343
512
18
304
955
8
1240
349
878
26
154
1023
473
62
151
1019
12
57
1154
421
220
477
83
3
8
95
202
202
397
393
243
7
2440
6
34
1385
1676
94
97
2002
162
86
480
1355
118
48
1428
16
570
920
1004
1042
1083
149
878
19
4
179
4
305
1900
175
1
321
734
210
54
419
299
1176
7
882
1
1396
741
360
1012
64
1
2
27
384
300
1008
82
1409
2
552
253
1360
1098
0
124
309
321
101
48
443
3
988
526
170
223
604
523
2416
60
244
35
216
0
1286
112
71
152
112
38
1852
78
306
485
4
7
693
1
49
170
46
1912
2726
911
11
571
257
638
118
7
1
2103
538
1292
295
3
355
41
1933
270
2320
71
109
1536
140
495
589
168
9
2203
267
0
216
213
91
39
9
566
138
828
309
1629
1048
1635
122
245
328
656
496
153
952
2
1358
1142
1060
7
432
28
20
2777
241
70
56
500
137
29
5
58
1132
778
499
1835
130
8
2036
37
686
889
214
116
7
1641
111
386
1084
629
197
0
366
336
76
874
148
1422
284
103
291
222
9
1161
1762
42
24
287
175
35
52
550
1
171
1
537
7
48
1889
235
1780
244
758
1275
1933
170
75
79
1
900
252
9
8
1002
293
121
412
1745
1417
132
59
1448
26
336
76
396
81
499
68
4
50
350
558
486
84
0
148
226
1
25
30
196
0
747
459
52
89
117
386
1196
93
263
118
1068
190
247
2428
297
171
795
16
525
1234
54
1
25
90
237
306
15
16
1017
2
334
44
755
25
2129
0
1470
242
0
1318
0
160
48
16
682
1468
619
163
252
7
475
0
286
10
560
1917
12
155
1430
0
366
105
0
263
30
10
1036
601
1193
299
651
16
186
248
5
138
102
58
12
169
7
14
479
203
353
6
17
514
1
60
129
327
3
8
1083
1706
55
85
1624
144
10
1457
559
77
1387
21
527
691
2
634
0
3
72
729
1165
90
1679
343
302
606
99
3
337
482
16
75
33
80
252
160
14
54
1556
247
1261
6
290
22
115
126
769
1241
0
6
146
2
5
9
427
370
22
136
480
269
1003
14
1714
522
2
6
869
79
381
2
985
491
696
4
674
23
641
19
587
155
638
121
2132
1
639
0
62
66
625
141
1309
450
8
2572
316
2153
11
2
880
48
2120
826
703
240
297
1079
22
60
9
1801
1298
1431
181
647
61
251
1056
269
3
468
147
188
2098
285
7
200
254
39
24
5
67
90
1
644
32
15
275
31
1404
154
307
1216
112
119
784
704
426
333
131
24
21
10
5
884
43
849
2
1787
79
30
918
2289
12
361
1892
1318
29
9
121
0
781
194
210
90
26
1
390
999
267
7
4
407
162
21
428
97
199
370
0
14
0
27
36
42
301
1467
185
295
36
151
146
2047
7
22
623
249
342
1539
654
1046
185
1875
132
239
71
336
2452
104
0
263
1559
100
258
110
241
418
2359
82
765
1030
1
176
948
471
2363
3159
62
107
943
139
1600
1215
535
54
2815
0
7
229
683
615
520
479
132
1350
9
912
45
11
225
123
557
0
1
356
643
481
135
115
137
1363
20
1296
1518
44
100
329
1213
497
0
5
70
1
3
420
22
104
192
35
624
918
624
1
542
1255
565
3
148
36
9
8
0
61
87
924
369
2101
338
2031
995
131
1103
371
4
1329
87
572
0
297
87
929
4
18
2306
415
88
1275
312
155
0
1020
0
712
1618
81
1114
360
127
28
316
2651
1338
1335
1413
2
12
800
64
109
13
813
393
175
1330
10
12
9
585
1206
298
55
5
292
1136
6
1236
120
100
269
43
50
4
33
79
5
607
2325
19
25
499
646
631
64
517
25
206
36
1167
2
2224
299
1894
151
239
409
572
2
356
588
21
6
303
579
494
709
13
10
101
3
0
32
454
166
44
94
21
413
1115
1004
859
892
63
366
0
167
1303
542
1484
62
1333
391
1028
134
45
133
22
60
2064
188
1081
416
284
154
6
1494
3095
1567
134
1405
329
601
102
852
4
0
0
430
59
127
712
22
47
1
175
16
163
83
647
631
31
208
2
49
0
5
237
2
1
85
438
15
53
226
1327
271
1015
0
27
735
300
5
126
15
426
15
50
634
600
346
408
1205
45
2095
289
1733
0
780
24
88
319
196
165
1114
527
113
123
0
16
68
8
510
667
101
78
825
12
356
94
266
278
308
56
40
133
624
28
381
460
33
494
123
189
0
6
696
1578
916
249
546
63
227
62
464
841
175
145
420
8
213
4
99
1509
0
2
2135
103
17
27
1597
700
2371
26
972
44
662
128
75
1189
131
461
578
259
1124
159
51
682
43
122
28
984
152
5
258
41
109
101
11
31
202
527
960
7
310
60
12
339
22
1
16
28
36
1269
200
376
3
528
4
14
1
409
131
218
11
1090
25
44
1199
38
615
160
605
0
1202
2067
328
158
184
687
420
135
86
0
1
1839
49
105
466
147
14
31
127
407
21
1139
46
195
265
900
1023
3
280
5
223
232
868
48
337
222
28
0
53
62
166
345
24
239
1508
123
1252
21
117
204
708
53
297
90
78
0
724
64
135
76
6
145
143
150
366
471
0
833
104
488
660
227
739
4
248
8
794
1086
0
192
494
424
336
48
2124
12
9
1978
1219
43
2
9
435
530
952
26
19
1808
183
962
274
1998
0
449
740
18
106
263
81
273
96
347
157
59
19
105
404
805
479
18
258
50
1
132
81
15
293
387
665
1485
1032
1610
912
0
324
24
2318
441
1325
153
1021
786
2127
358
1280
663
68
66
55
76
25
108
797
622
57
515
521
550
494
281
0
1735
53
68
436
473
2
53
836
1846
1482
3274
1431
52
88
1254
505
133
707
2190
823
0
20
615
729
28
230
78
953
299
111
1688
363
572
0
973
33
19
1282
52
0
1451
766
572
353
68
15
519
793
408
332
1118
233
1071
860
13
56
1249
0
41
28
693
988
25
2003
260
144
257
91
184
6
1153
874
360
46
43
95
27
855
391
620
38
29
28
105
1495
139
726
84
36
88
255
5
627
104
408
309
428
16
249
300
5
39
16
113
2872
3
2500
0
126
598
1831
26
49
561
135
795
1211
22
629
1672
191
34
37
0
388
512
346
399
73
402
341
16
1045
480
2018
34
1138
1023
639
48
131
97
1960
5
6
978
381
47
1330
1115
0
41
605
103
131
340
423
169
12
599
250
5
127
507
47
342
893
615
0
35
6
9
3
797
132
917
19
77
1526
37
545
1078
288
458
160
1335
17
9
981
25
234
1892
4
490
982
219
1
2191
0
295
319
0
606
84
91
6
77
685
1817
234
194
613
545
117
369
1876
0
385
1160
948
1250
428
6
570
891
308
7
15
200
310
2707
441
605
18
1604
884
870
3
102
378
30
35
492
17
94
132
126
384
436
13
1300
484
445
1520
7
416
734
483
227
131
1187
32
580
932
1158
1069
5
519
21
1020
761
748
91
972
24
191
1016
480
221
299
1597
896
24
438
853
3280
59
773
183
263
52
7
8
9
1967
29
9
2847
233
7
71
104
305
395
1241
0
242
882
773
2383
64
1119
14
1211
62
309
84
15
210
9
1179
1510
310
835
1761
107
1096
2
42
19
1024
455
114
307
180
1
812
288
99
2698
991
124
239
674
1593
474
97
466
447
15
116
6
72
2
31
2162
178
13
255
40
90
7
148
856
55
7
17
404
32
210
24
68
937
744
201
5
13
389
314
8
1618
106
569
19
605
12
2
27
41
868
142
670
13
112
72
682
1254
125
1075
783
53
573
3
73
530
292
129
393
196
0
657
437
139
503
875
60
779
1995
435
1555
343
126
1222
243
739
645
476
121
913
827
565
1005
228
1
88
1488
284
665
110
890
98
5
160
99
0
332
501
37
1210
34
114
137
250
1203
30
664
1
47
810
278
232
0
436
2994
14
766
1075
505
941
501
1642
13
992
811
257
4
22
803
132
170
134
1174
831
47
1784
6
3
21
631
2339
1345
15
188
1158
71
0
1729
7
286
718
84
0
996
520
1388
248
236
70
491
7
0
912
1318
175
559
81
4
47
176
7
734
146
66
2509
289
0
0
2201
759
58
76
405
1
1662
16
1603
58
662
65
512
122
1059
206
1650
0
1929
1458
274
2255
1966
67
563
649
3
1478
6
335
555
43
119
241
0
0
454
46
1299
0
243
35
292
52
92
102
451
234
38
29
66
40
224
228
67
239
42
1170
87
2633
120
19
2855
931
208
704
187
0
35
207
362
1019
1716
56
112
72
340
0
52
752
466
260
394
720
1244
281
1
170
6
319
65
38
386
99
201
4
379
5
18
700
156
853
76
758
479
78
14
160
298
122
1260
15
1677
73
135
3
1293
2
228
456
190
146
560
23
1384
1765
813
1008
15
427
1521
138
22
0
197
78
176
13
55
1172
1955
23
2271
1052
346
0
92
469
18
114
1144
972
185
678
219
81
1508
25
102
766
562
58
80
410
606
10
14
220
326
3
16
1308
552
46
1402
644
1571
11
1968
155
1040
285
45
130
61
834
358
23
149
613
1105
95
1504
95
20
53
35
361
108
358
9
258
280
536
629
1778
6
324
723
139
1
229
257
107
24
1885
6
4
532
44
12
2147
541
470
1
248
325
438
315
4
49
16
2542
8
12
916
1
149
15
758
517
355
447
35
349
998
1632
366
1040
101
393
309
17
564
219
54
95
3
349
141
124
1811
1041
32
1751
1128
1786
475
1382
198
880
605
0
32
8
631
435
503
0
925
25
0
71
17
1256
387
49
765
407
431
33
2377
1416
1370
1201
1258
403
0
0
1434
1239
3
204
36
413
36
32
78
54
250
761
4
231
493
1136
58
113
198
7
102
873
4
264
1280
260
680
86
1502
997
33
79
239
99
29
324
22
345
168
1258
440
1082
3076
23
227
18
22
101
372
33
242
1
37
97
585
624
2187
148
388
408
210
12
913
962
1976
36
149
361
10
110
747
158
548
453
23
234
1379
449
198
2
882
298
44
854
28
152
1117
1244
399
183
333
25
728
114
2310
897
326
348
834
0
289
2072
743
2465
57
1183
123
3
1
185
140
1
27
122
524
474
318
324
2206
319
151
10
1509
1334
827
1098
418
1223
198
335
11
29
62
125
6
51
40
0
907
58
315
550
523
1697
1011
539
0
460
1217
69
110
1005
240
1344
45
213
140
6
371
1678
157
768
124
230
756
248
908
181
441
51
178
485
9
0
22
1030
1
278
19
1140
233
415
1
98
5
2
2135
131
22
38
1380
93
0
135
1223
399
33
1205
263
917
212
14
432
872
211
518
281
2918
2
75
49
551
83
48
126
8
166
394
230
647
1502
119
73
564
4
61
1315
1222
749
39
1917
1195
59
368
6
1068
24
156
1720
986
6
164
0
1263
33
1651
491
63
5
1423
574
45
1106
0
651
9
33
539
123
2985
274
1398
1
404
7
20
1060
86
387
272
1583
522
283
898
116
203
1345
98
21
640
316
0
50
9
17
11
839
208
62
88
151
435
697
15
350
95
2578
966
61
7
2112
833
774
157
173
29
29
6
171
5
2052
305
262
50
0
1290
252
192
239
633
0
938
29
424
327
811
0
187
34
0
0
138
50
1125
73
486
96
26
150
0
20
61
1569
27
1134
132
0
1312
546
20
789
1048
234
739
780
1
5
29
1310
1
195
32
1006
261
378
2546
320
15
163
330
311
28
8
187
0
12
75
655
307
195
1714
84
20
394
57
20
985
1414
303
304
36
386
1121
272
1194
1352
293
6
39
207
1
2016
639
2819
85
18
1074
1081
715
209
1
6
43
12
602
347
61
1659
43
521
631
278
466
1
33
1
93
129
12
14
770
609
953
811
23
330
9
465
924
8
133
0
177
30
158
831
2
1876
229
275
584
1554
155
2210
1645
35
69
406
11
191
273
423
10
8
82
34
9
244
867
401
30
18
11
851
57
0
71
280
1191
143
187
35
41
1025
21
147
1
2299
466
1034
100
183
79
676
49
956
20
43
853
15
746
24
101
453
304
738
1
168
0
90
96
411
392
176
0
1106
1299
1807
24
2584
1844
194
2
0
13
761
1
22
207
971
1298
483
2560
115
3
727
488
1647
646
125
168
149
42
113
4
34
993
58
411
19
1494
61
1206
7
408
751
1417
1
843
1722
863
527
492
788
467
333
793
98
1001
566
3284
2685
175
153
219
46
620
677
37
2370
38
36
941
231
1284
119
191
286
250
1
474
11
410
571
660
43
445
279
263
4
2216
250
31
24
1731
33
45
15
2
35
337
853
203
1114
1117
115
1152
2105
92
24
138
60
1262
220
522
346
205
1241
567
0
493
270
1017
1087
145
13
215
96
304
12
1229
545
1
188
0
457
268
898
77
103
111
1627
167
1402
1116
2098
227
1244
493
48
578
32
53
739
894
250
8
501
958
15
1153
199
162
40
316
88
224
451
0
706
570
0
581
2968
1719
354
0
1659
11
16
1113
625
61
25
692
324
879
169
102
536
16
348
99
445
55
2229
178
126
72
7
29
257
1458
2221
405
129
390
573
151
1
1055
1057
46
649
74
176
14
560
152
652
1019
8
1155
901
698
554
109
686
852
19
144
78
1
186
112
22
344
94
695
16
71
846
3719
106
1701
95
4
377
522
0
138
771
44
469
7
109
129
123
678
661
150
1040
745
16
10
296
941
541
64
34
1136
40
875
536
531
187
434
157
318
616
266
33
1240
49
362
20
1073
79
12
1194
873
148
554
1206
1051
50
437
1
210
115
769
5
0
285
0
216
14
577
695
70
461
65
2
226
647
66
3
660
262
65
390
692
2358
663
814
532
1197
81
0
82
291
1950
20
66
301
460
8
1137
284
685
0
314
774
98
90
14
331
1020
26
165
14
493
0
442
520
450
125
78
7
1
228
1243
644
145
337
83
157
114
18
1065
265
2049
104
789
159
826
261
2675
15
14
784
3
0
67
417
1011
89
268
606
1819
450
665
10
90
1257
145
326
10
108
2069
516
1267
86
2483
9
165
226
25
1550
11
539
2070
2654
4
1928
510
42
196
549
1695
903
1034
4
250
1291
8
604
266
1745
275
1340
95
288
62
810
361
1455
1058
95
163
32
74
558
688
20
7
797
653
39
12
99
3246
9
6
539
36
88
609
83
24
35
159
51
833
648
830
2
180
1444
13
2575
10
1291
700
144
1836
244
127
589
353
302
35
983
203
43
847
93
166
1041
204
0
67
443
240
736
342
7
126
604
1486
46
1685
68
40
347
42
368
1140
48
0
533
115
100
101
2
1460
99
54
2668
0
0
73
795
154
96
784
846
152
5
73
122
199
0
426
127
56
264
109
153
1026
1277
0
8
1464
241
537
134
1
23
1594
92
59
398
36
159
0
1752
539
1075
2
0
8
33
201
644
430
310
126
0
2310
600
288
55
19
2207
421
1646
4
1
0
89
9
759
8
15
43
25
870
83
105
16
406
0
17
609
2742
77
71
487
448
123
7
722
101
358
133
2003
502
956
48
1306
57
66
135
588
402
624
1077
310
987
80
40
1784
645
83
13
311
702
29
117
268
640
1348
423
893
147
141
194
123
214
202
372
75
72
0
547
0
39
1331
456
2144
7
427
144
371
566
27
1503
4
353
286
32
20
339
1
1129
860
38
48
337
933
665
111
276
1977
468
69
0
538
257
248
647
1625
0
945
12
13
6
358
9
30
175
42
0
26
1552
95
257
618
2224
3
208
17
55
381
13
57
20
1989
69
482
768
1103
2884
77
581
2
2385
369
117
345
503
1353
69
491
203
0
1069
329
0
460
103
310
681
310
2593
28
307
102
1897
216
0
78
52
544
39
328
0
30
36
1172
1601
1611
1153
3
1476
355
394
240
1423
150
1125
410
14
62
3
123
11
28
755
6
495
2
472
1162
301
123
78
204
399
499
926
151
512
10
67
5
70
62
354
293
784
1384
102
254
0
4
18
401
114
88
34
6
